trivial, nontrivial, cycles, bl, routed, usage
50, 33, 585, 17, 16, 0.277778
48, 35, 610, 15, 20, 0.290123
49, 34, 558, 13, 21, 0.311728
51, 32, 682, 14, 18, 0.293210
55, 28, 477, 12, 16, 0.287037
51, 32, 682, 14, 18, 0.293210
49, 34, 678, 16, 18, 0.280864
52, 31, 581, 18, 13, 0.240741
47, 36, 589, 20, 16, 0.250000
54, 29, 575, 16, 13, 0.268519
54, 29, 575, 16, 13, 0.268519
47, 36, 737, 19, 17, 0.265432
49, 34, 620, 14, 20, 0.293210
46, 37, 569, 17, 20, 0.271605
46, 37, 603, 17, 20, 0.290123
57, 26, 509, 14, 12, 0.271605
48, 35, 571, 16, 19, 0.283951
49, 34, 569, 23, 11, 0.212963
51, 32, 551, 14, 18, 0.277778
47, 36, 741, 17, 19, 0.290123
55, 28, 465, 15, 13, 0.240741
48, 35, 669, 20, 15, 0.250000
44, 39, 676, 19, 20, 0.268519
49, 34, 574, 18, 16, 0.280864
49, 34, 690, 15, 19, 0.308642
45, 38, 693, 18, 20, 0.296296
49, 34, 690, 15, 19, 0.308642
58, 25, 468, 15, 10, 0.237654
50, 33, 614, 15, 18, 0.305556
50, 33, 674, 16, 17, 0.302469
44, 39, 635, 15, 24, 0.327160
49, 34, 703, 19, 15, 0.253086
50, 33, 597, 18, 15, 0.259259
49, 34, 703, 19, 15, 0.253086
48, 35, 675, 13, 22, 0.320988
52, 31, 531, 14, 17, 0.287037
47, 36, 603, 15, 21, 0.305556
52, 31, 644, 20, 11, 0.237654
50, 33, 603, 17, 16, 0.283951
53, 30, 588, 16, 14, 0.250000
56, 27, 527, 13, 14, 0.293210
47, 36, 557, 18, 18, 0.250000
47, 36, 631, 19, 17, 0.280864
47, 36, 659, 20, 16, 0.287037
50, 33, 537, 16, 17, 0.256173
47, 36, 659, 20, 16, 0.287037
46, 37, 605, 20, 17, 0.250000
46, 37, 651, 22, 15, 0.237654
45, 38, 679, 16, 22, 0.296296
41, 42, 647, 23, 19, 0.256173
52, 31, 524, 15, 16, 0.262346
45, 38, 679, 16, 22, 0.296296
45, 38, 560, 13, 25, 0.299383
53, 30, 520, 16, 14, 0.268519
48, 35, 588, 16, 19, 0.268519
47, 36, 645, 14, 22, 0.311728
49, 34, 537, 16, 18, 0.287037
50, 33, 553, 17, 16, 0.280864
46, 37, 587, 19, 18, 0.250000
55, 28, 519, 13, 15, 0.265432
50, 33, 553, 17, 16, 0.280864
58, 25, 463, 11, 14, 0.311728
53, 30, 638, 18, 12, 0.243827
46, 37, 565, 16, 21, 0.293210
54, 29, 595, 12, 17, 0.296296
50, 33, 556, 18, 15, 0.240741
46, 37, 715, 16, 21, 0.287037
52, 31, 542, 14, 17, 0.299383
47, 36, 631, 15, 21, 0.280864
47, 36, 617, 15, 21, 0.296296
44, 39, 625, 15, 24, 0.287037
51, 32, 640, 14, 18, 0.293210
57, 26, 468, 14, 12, 0.250000
51, 32, 640, 14, 18, 0.293210
56, 27, 532, 14, 13, 0.262346
51, 32, 531, 19, 13, 0.228395
50, 33, 614, 18, 15, 0.250000
45, 38, 573, 16, 22, 0.287037
51, 32, 572, 18, 14, 0.250000
49, 34, 646, 15, 19, 0.280864
49, 34, 597, 20, 14, 0.222222
42, 41, 743, 20, 21, 0.262346
49, 34, 571, 17, 17, 0.253086
48, 35, 619, 16, 19, 0.302469
49, 34, 538, 17, 17, 0.256173
55, 28, 485, 16, 12, 0.237654
48, 35, 619, 16, 19, 0.302469
53, 30, 526, 12, 18, 0.287037
56, 27, 499, 15, 12, 0.271605
54, 29, 501, 13, 16, 0.317901
46, 37, 679, 16, 21, 0.299383
58, 25, 412, 12, 13, 0.271605
46, 37, 679, 16, 21, 0.299383
53, 30, 508, 17, 13, 0.262346
56, 27, 469, 14, 13, 0.271605
51, 32, 604, 16, 16, 0.271605
52, 31, 519, 14, 17, 0.283951
46, 37, 778, 19, 18, 0.274691
52, 31, 529, 17, 14, 0.259259
46, 37, 778, 19, 18, 0.274691
44, 39, 773, 15, 24, 0.308642
58, 25, 479, 13, 12, 0.274691
50, 33, 632, 17, 16, 0.256173
49, 34, 530, 18, 16, 0.262346
50, 33, 743, 20, 13, 0.234568
47, 36, 677, 16, 20, 0.302469
56, 27, 470, 15, 12, 0.259259
50, 33, 743, 20, 13, 0.234568
55, 28, 479, 11, 17, 0.317901
53, 30, 521, 18, 12, 0.231481
50, 33, 631, 16, 17, 0.268519
52, 31, 631, 17, 14, 0.250000
47, 36, 684, 16, 20, 0.271605
52, 31, 451, 11, 20, 0.290123
46, 37, 663, 18, 19, 0.280864
46, 37, 552, 19, 18, 0.259259
46, 37, 606, 19, 18, 0.259259
44, 39, 605, 16, 23, 0.296296
56, 27, 505, 15, 12, 0.250000
50, 33, 649, 19, 14, 0.262346
56, 27, 448, 13, 14, 0.280864
48, 35, 623, 17, 18, 0.259259
45, 38, 688, 12, 26, 0.333333
49, 34, 596, 18, 16, 0.277778
48, 35, 506, 15, 20, 0.271605
45, 38, 688, 12, 26, 0.333333
53, 30, 600, 17, 13, 0.253086
54, 29, 512, 9, 20, 0.342593
45, 38, 593, 17, 21, 0.268519
42, 41, 597, 17, 24, 0.280864
40, 43, 727, 23, 20, 0.265432
46, 37, 592, 18, 19, 0.290123
52, 31, 477, 13, 18, 0.277778
49, 34, 540, 17, 17, 0.256173
46, 37, 592, 18, 19, 0.290123
51, 32, 526, 14, 18, 0.274691
45, 38, 720, 19, 19, 0.265432
45, 38, 580, 19, 19, 0.256173
45, 38, 627, 17, 21, 0.290123
55, 28, 511, 15, 13, 0.250000
44, 39, 669, 20, 19, 0.262346
45, 38, 707, 18, 20, 0.287037
45, 38, 595, 18, 20, 0.271605
52, 31, 573, 14, 17, 0.293210
49, 34, 535, 16, 18, 0.265432
53, 30, 530, 15, 15, 0.262346
52, 31, 573, 14, 17, 0.293210
50, 33, 518, 13, 20, 0.296296
50, 33, 547, 21, 12, 0.231481
46, 37, 694, 19, 18, 0.265432
48, 35, 597, 17, 18, 0.308642
44, 39, 604, 16, 23, 0.287037
58, 25, 504, 15, 10, 0.265432
54, 29, 492, 13, 16, 0.320988
48, 35, 616, 20, 15, 0.250000
53, 30, 515, 16, 14, 0.262346
49, 34, 659, 15, 19, 0.296296
48, 35, 533, 16, 19, 0.274691
57, 26, 475, 15, 11, 0.256173
49, 34, 659, 15, 19, 0.296296
52, 31, 535, 16, 15, 0.271605
54, 29, 596, 14, 15, 0.287037
46, 37, 677, 17, 20, 0.280864
49, 34, 694, 19, 15, 0.237654
43, 40, 590, 19, 21, 0.262346
48, 35, 594, 16, 19, 0.287037
58, 25, 432, 12, 13, 0.274691
51, 32, 568, 16, 16, 0.268519
49, 34, 558, 17, 17, 0.277778
53, 30, 460, 16, 14, 0.237654
49, 34, 614, 16, 18, 0.293210
47, 36, 715, 18, 18, 0.280864
53, 30, 477, 12, 18, 0.290123
47, 36, 715, 18, 18, 0.280864
50, 33, 545, 14, 19, 0.293210
51, 32, 610, 18, 14, 0.256173
54, 29, 500, 14, 15, 0.280864
45, 38, 703, 21, 17, 0.243827
48, 35, 577, 18, 17, 0.256173
46, 37, 608, 16, 21, 0.299383
50, 33, 539, 14, 19, 0.277778
58, 25, 483, 11, 14, 0.290123
46, 37, 608, 16, 21, 0.299383
48, 35, 532, 15, 20, 0.287037
51, 32, 584, 15, 17, 0.290123
45, 38, 598, 17, 21, 0.290123
49, 34, 748, 14, 20, 0.299383
54, 29, 455, 16, 13, 0.243827
49, 34, 748, 14, 20, 0.299383
51, 32, 608, 15, 17, 0.274691
49, 34, 568, 16, 18, 0.259259
51, 32, 636, 15, 17, 0.277778
56, 27, 538, 15, 12, 0.262346
44, 39, 637, 18, 21, 0.305556
57, 26, 505, 17, 9, 0.231481
51, 32, 528, 17, 15, 0.246914
46, 37, 627, 17, 20, 0.283951
47, 36, 567, 13, 23, 0.305556
45, 38, 625, 16, 22, 0.299383
47, 36, 545, 15, 21, 0.320988
49, 34, 613, 16, 18, 0.277778
53, 30, 431, 14, 16, 0.253086
47, 36, 569, 15, 21, 0.308642
48, 35, 590, 15, 20, 0.290123
49, 34, 551, 17, 17, 0.259259
49, 34, 646, 15, 19, 0.333333
57, 26, 497, 10, 16, 0.302469
49, 34, 551, 17, 17, 0.259259
50, 33, 580, 17, 16, 0.293210
49, 34, 608, 19, 15, 0.259259
48, 35, 561, 17, 18, 0.268519
47, 36, 584, 19, 17, 0.265432
48, 35, 682, 18, 17, 0.283951
50, 33, 490, 19, 14, 0.228395
48, 35, 682, 18, 17, 0.283951
49, 34, 553, 16, 18, 0.268519
51, 32, 553, 15, 17, 0.283951
51, 32, 531, 16, 16, 0.277778
46, 37, 638, 16, 21, 0.283951
47, 36, 615, 16, 20, 0.293210
49, 34, 556, 16, 18, 0.299383
46, 37, 587, 18, 19, 0.277778
58, 25, 527, 13, 12, 0.259259
49, 34, 556, 16, 18, 0.299383
50, 33, 578, 12, 21, 0.330247
48, 35, 587, 16, 19, 0.277778
45, 38, 519, 15, 23, 0.287037
51, 32, 509, 13, 19, 0.293210
52, 31, 535, 16, 15, 0.277778
49, 34, 573, 18, 16, 0.265432
48, 35, 622, 16, 19, 0.305556
55, 28, 543, 15, 13, 0.274691
48, 35, 622, 16, 19, 0.305556
53, 30, 506, 15, 15, 0.262346
43, 40, 670, 19, 21, 0.277778
50, 33, 614, 17, 16, 0.274691
45, 38, 670, 18, 20, 0.287037
54, 29, 549, 14, 15, 0.308642
50, 33, 614, 17, 16, 0.274691
49, 34, 597, 20, 14, 0.222222
42, 41, 743, 20, 21, 0.262346
49, 34, 571, 17, 17, 0.253086
48, 35, 619, 16, 19, 0.302469
49, 34, 538, 17, 17, 0.256173
55, 28, 485, 16, 12, 0.237654
48, 35, 619, 16, 19, 0.302469
53, 30, 526, 12, 18, 0.287037
50, 33, 519, 19, 14, 0.237654
54, 29, 531, 17, 12, 0.256173
50, 33, 547, 19, 14, 0.246914
46, 37, 635, 16, 21, 0.299383
47, 36, 689, 17, 19, 0.287037
51, 32, 509, 16, 16, 0.256173
46, 37, 635, 16, 21, 0.299383
55, 28, 512, 16, 12, 0.256173
54, 29, 500, 13, 16, 0.280864
47, 36, 620, 18, 18, 0.280864
48, 35, 614, 17, 18, 0.277778
48, 35, 583, 15, 20, 0.305556
44, 39, 724, 17, 22, 0.299383
52, 31, 560, 15, 16, 0.314815
49, 34, 528, 17, 17, 0.246914
44, 39, 724, 17, 22, 0.299383
49, 34, 563, 14, 20, 0.302469
49, 34, 527, 19, 15, 0.256173
51, 32, 541, 18, 14, 0.246914
51, 32, 577, 13, 19, 0.305556
48, 35, 601, 18, 17, 0.265432
53, 30, 528, 17, 13, 0.250000
51, 32, 577, 13, 19, 0.305556
48, 35, 589, 20, 15, 0.250000
46, 37, 593, 20, 17, 0.253086
44, 39, 642, 20, 19, 0.265432
51, 32, 570, 17, 15, 0.268519
48, 35, 516, 18, 17, 0.246914
47, 36, 594, 17, 19, 0.293210
52, 31, 487, 16, 15, 0.253086
51, 32, 503, 19, 13, 0.237654
51, 32, 577, 17, 15, 0.256173
49, 34, 535, 12, 22, 0.305556
57, 26, 464, 16, 10, 0.250000
55, 28, 435, 11, 17, 0.283951
47, 36, 613, 15, 21, 0.296296
47, 36, 612, 20, 16, 0.243827
49, 34, 557, 15, 19, 0.280864
48, 35, 679, 16, 19, 0.296296
52, 31, 533, 16, 15, 0.277778
51, 32, 555, 18, 14, 0.237654
48, 35, 679, 16, 19, 0.296296
49, 34, 641, 17, 17, 0.262346
54, 29, 506, 17, 12, 0.240741
48, 35, 624, 16, 19, 0.290123
50, 33, 519, 15, 18, 0.311728
48, 35, 613, 14, 21, 0.311728
53, 30, 506, 13, 17, 0.290123
52, 31, 478, 14, 17, 0.280864
48, 35, 613, 14, 21, 0.311728
45, 38, 636, 18, 20, 0.290123
54, 29, 573, 19, 10, 0.250000
50, 33, 536, 14, 19, 0.287037
50, 33, 706, 18, 15, 0.246914
47, 36, 542, 17, 19, 0.280864
50, 33, 618, 18, 15, 0.277778
44, 39, 637, 19, 20, 0.290123
45, 38, 646, 16, 22, 0.280864
50, 33, 527, 17, 16, 0.259259
44, 39, 637, 19, 20, 0.290123
53, 30, 492, 16, 14, 0.262346
53, 30, 486, 14, 16, 0.265432
52, 31, 554, 13, 18, 0.308642
48, 35, 569, 17, 18, 0.265432
52, 31, 533, 16, 15, 0.262346
47, 36, 540, 17, 19, 0.274691
47, 36, 616, 15, 21, 0.290123
46, 37, 581, 18, 19, 0.280864
46, 37, 617, 19, 18, 0.253086
57, 26, 485, 15, 11, 0.246914
52, 31, 545, 12, 19, 0.327160
50, 33, 504, 14, 19, 0.271605
50, 33, 611, 18, 15, 0.262346
56, 27, 471, 15, 12, 0.246914
48, 35, 629, 13, 22, 0.299383
50, 33, 526, 17, 16, 0.256173
49, 34, 514, 15, 19, 0.265432
48, 35, 629, 13, 22, 0.299383
44, 39, 586, 14, 25, 0.308642
50, 33, 620, 16, 17, 0.268519
46, 37, 607, 19, 18, 0.268519
47, 36, 697, 19, 17, 0.262346
44, 39, 594, 18, 21, 0.274691
47, 36, 659, 21, 15, 0.228395
48, 35, 594, 18, 17, 0.287037
52, 31, 639, 17, 14, 0.283951
52, 31, 504, 14, 17, 0.277778
48, 35, 594, 18, 17, 0.287037
49, 34, 522, 11, 23, 0.327160
45, 38, 667, 16, 22, 0.314815
54, 29, 536, 16, 13, 0.262346
56, 27, 509, 16, 11, 0.237654
45, 38, 596, 15, 23, 0.293210
54, 29, 532, 15, 14, 0.277778
53, 30, 468, 12, 18, 0.293210
48, 35, 569, 13, 22, 0.299383
46, 37, 610, 17, 20, 0.277778
49, 34, 597, 17, 17, 0.262346
50, 33, 541, 16, 17, 0.256173
52, 31, 599, 14, 17, 0.293210
59, 24, 488, 14, 10, 0.259259
50, 33, 541, 16, 17, 0.256173
54, 29, 518, 18, 11, 0.253086
55, 28, 502, 13, 15, 0.296296
47, 36, 650, 19, 17, 0.250000
47, 36, 668, 19, 17, 0.256173
44, 39, 587, 18, 21, 0.265432
51, 32, 564, 16, 16, 0.259259
58, 25, 438, 13, 12, 0.268519
51, 32, 563, 16, 16, 0.271605
49, 34, 535, 20, 14, 0.237654
53, 30, 568, 18, 12, 0.256173
48, 35, 606, 20, 15, 0.259259
46, 37, 635, 15, 22, 0.302469
47, 36, 699, 17, 19, 0.308642
50, 33, 507, 19, 14, 0.237654
46, 37, 635, 15, 22, 0.302469
55, 28, 534, 19, 9, 0.243827
49, 34, 546, 17, 17, 0.243827
45, 38, 650, 13, 25, 0.327160
50, 33, 621, 17, 16, 0.305556
50, 33, 537, 20, 13, 0.228395
45, 38, 650, 13, 25, 0.327160
43, 40, 560, 17, 23, 0.268519
51, 32, 613, 19, 13, 0.259259
53, 30, 493, 14, 16, 0.262346
43, 40, 631, 17, 23, 0.299383
49, 34, 539, 15, 19, 0.280864
47, 36, 569, 12, 24, 0.324074
45, 38, 687, 17, 21, 0.293210
55, 28, 480, 13, 15, 0.280864
47, 36, 569, 12, 24, 0.324074
42, 41, 759, 19, 22, 0.280864
55, 28, 416, 12, 16, 0.265432
47, 36, 673, 18, 18, 0.283951
49, 34, 606, 21, 13, 0.243827
49, 34, 563, 14, 20, 0.283951
50, 33, 725, 17, 16, 0.268519
51, 32, 544, 18, 14, 0.256173
48, 35, 623, 15, 20, 0.296296
51, 32, 522, 14, 18, 0.299383
50, 33, 626, 15, 18, 0.280864
51, 32, 567, 14, 18, 0.299383
49, 34, 523, 18, 16, 0.253086
55, 28, 455, 15, 13, 0.250000
51, 32, 525, 16, 16, 0.256173
51, 32, 496, 11, 21, 0.299383
44, 39, 749, 17, 22, 0.274691
45, 38, 572, 20, 18, 0.271605
50, 33, 599, 18, 15, 0.271605
47, 36, 667, 19, 17, 0.277778
53, 30, 512, 16, 14, 0.259259
46, 37, 620, 17, 20, 0.271605
51, 32, 548, 14, 18, 0.280864
42, 41, 740, 19, 22, 0.277778
52, 31, 535, 14, 17, 0.277778
55, 28, 462, 12, 16, 0.293210
42, 41, 740, 19, 22, 0.277778
49, 34, 611, 16, 18, 0.299383
48, 35, 473, 14, 21, 0.299383
54, 29, 509, 14, 15, 0.296296
49, 34, 579, 18, 16, 0.246914
44, 39, 568, 15, 24, 0.299383
52, 31, 552, 16, 15, 0.243827
49, 34, 591, 19, 15, 0.265432
47, 36, 603, 14, 22, 0.320988
49, 34, 591, 19, 15, 0.265432
47, 36, 630, 14, 22, 0.308642
49, 34, 528, 19, 15, 0.253086
52, 31, 503, 15, 16, 0.305556
48, 35, 600, 18, 17, 0.262346
48, 35, 709, 21, 14, 0.228395
47, 36, 600, 16, 20, 0.293210
57, 26, 526, 12, 14, 0.274691
48, 35, 709, 21, 14, 0.228395
50, 33, 595, 12, 21, 0.317901
46, 37, 655, 24, 13, 0.216049
49, 34, 593, 14, 20, 0.287037
44, 39, 602, 17, 22, 0.296296
46, 37, 633, 19, 18, 0.274691
47, 36, 626, 17, 19, 0.287037
48, 35, 612, 16, 19, 0.274691
47, 36, 626, 17, 19, 0.287037
51, 32, 521, 12, 20, 0.311728
49, 34, 529, 15, 19, 0.277778
52, 31, 565, 13, 18, 0.283951
51, 32, 546, 15, 17, 0.277778
50, 33, 600, 14, 19, 0.305556
57, 26, 518, 12, 14, 0.280864
51, 32, 546, 15, 17, 0.277778
44, 39, 565, 17, 22, 0.271605
48, 35, 518, 15, 20, 0.271605
56, 27, 457, 13, 14, 0.277778
52, 31, 460, 14, 17, 0.290123
51, 32, 595, 15, 17, 0.290123
53, 30, 611, 14, 16, 0.283951
49, 34, 557, 20, 14, 0.246914
51, 32, 593, 14, 18, 0.283951
56, 27, 435, 11, 16, 0.293210
50, 33, 598, 16, 17, 0.299383
47, 36, 552, 13, 23, 0.324074
51, 32, 640, 16, 16, 0.268519
53, 30, 516, 17, 13, 0.259259
47, 36, 622, 13, 23, 0.320988
47, 36, 597, 17, 19, 0.271605
49, 34, 580, 22, 12, 0.228395
51, 32, 562, 15, 17, 0.265432
48, 35, 715, 16, 19, 0.296296
53, 30, 535, 15, 15, 0.265432
45, 38, 575, 18, 20, 0.299383
49, 34, 629, 18, 16, 0.271605
47, 36, 666, 19, 17, 0.280864
50, 33, 544, 18, 15, 0.250000
54, 29, 552, 17, 12, 0.240741
52, 31, 547, 18, 13, 0.250000
48, 35, 626, 17, 18, 0.283951
51, 32, 661, 17, 15, 0.274691
49, 34, 634, 18, 16, 0.262346
47, 36, 621, 19, 17, 0.268519
49, 34, 634, 18, 16, 0.262346
55, 28, 543, 17, 11, 0.262346
54, 29, 484, 13, 16, 0.287037
48, 35, 592, 16, 19, 0.293210
48, 35, 510, 15, 20, 0.299383
47, 36, 688, 16, 20, 0.290123
54, 29, 546, 16, 13, 0.283951
47, 36, 688, 16, 20, 0.290123
49, 34, 519, 18, 16, 0.253086
51, 32, 486, 14, 18, 0.293210
49, 34, 542, 19, 15, 0.243827
50, 33, 619, 16, 17, 0.265432
50, 33, 492, 18, 15, 0.237654
55, 28, 508, 17, 11, 0.253086
42, 41, 707, 16, 25, 0.320988
49, 34, 592, 19, 15, 0.271605
53, 30, 524, 12, 18, 0.311728
48, 35, 650, 17, 18, 0.277778
53, 30, 499, 16, 14, 0.243827
53, 30, 524, 12, 18, 0.311728
51, 32, 609, 17, 15, 0.262346
47, 36, 639, 19, 17, 0.268519
45, 38, 702, 20, 18, 0.253086
46, 37, 578, 19, 18, 0.262346
48, 35, 655, 20, 15, 0.237654
49, 34, 590, 18, 16, 0.287037
51, 32, 581, 17, 15, 0.296296
49, 34, 563, 17, 17, 0.253086
49, 34, 590, 18, 16, 0.287037
50, 33, 523, 13, 20, 0.299383
55, 28, 505, 13, 15, 0.299383
50, 33, 666, 18, 15, 0.259259
47, 36, 612, 17, 19, 0.299383
48, 35, 585, 16, 19, 0.296296
50, 33, 527, 14, 19, 0.287037
48, 35, 585, 16, 19, 0.296296
50, 33, 536, 14, 19, 0.287037
46, 37, 517, 15, 22, 0.280864
51, 32, 495, 17, 15, 0.243827
50, 33, 596, 16, 17, 0.265432
52, 31, 576, 13, 18, 0.299383
46, 37, 674, 17, 20, 0.302469
53, 30, 572, 17, 13, 0.262346
52, 31, 576, 13, 18, 0.299383
56, 27, 479, 14, 13, 0.271605
49, 34, 603, 15, 19, 0.293210
50, 33, 543, 12, 21, 0.320988
47, 36, 650, 17, 19, 0.280864
47, 36, 560, 15, 21, 0.280864
51, 32, 547, 14, 18, 0.287037
47, 36, 650, 17, 19, 0.280864
52, 31, 603, 17, 14, 0.259259
45, 38, 601, 17, 21, 0.259259
45, 38, 604, 18, 20, 0.274691
43, 40, 667, 16, 24, 0.317901
50, 33, 607, 16, 17, 0.277778
49, 34, 568, 16, 18, 0.271605
43, 40, 667, 16, 24, 0.317901
47, 36, 573, 15, 21, 0.293210
51, 32, 544, 14, 18, 0.280864
45, 38, 699, 19, 19, 0.262346
53, 30, 506, 12, 18, 0.302469
55, 28, 440, 10, 18, 0.305556
45, 38, 699, 19, 19, 0.262346
56, 27, 499, 11, 16, 0.311728
51, 32, 511, 18, 14, 0.234568
47, 36, 655, 17, 19, 0.271605
56, 27, 503, 17, 10, 0.234568
52, 31, 584, 14, 17, 0.283951
53, 30, 549, 15, 15, 0.259259
50, 33, 592, 19, 14, 0.243827
48, 35, 703, 13, 22, 0.336420
52, 31, 525, 15, 16, 0.283951
48, 35, 703, 13, 22, 0.336420
43, 40, 622, 21, 19, 0.277778
52, 31, 593, 17, 14, 0.259259
54, 29, 505, 9, 20, 0.333333
44, 39, 614, 17, 22, 0.271605
42, 41, 576, 17, 24, 0.280864
40, 43, 723, 22, 21, 0.274691
46, 37, 627, 18, 19, 0.296296
52, 31, 437, 12, 19, 0.280864
49, 34, 532, 17, 17, 0.259259
46, 37, 627, 18, 19, 0.296296
58, 25, 478, 14, 11, 0.271605
50, 33, 547, 19, 14, 0.265432
47, 36, 653, 17, 19, 0.274691
50, 33, 740, 19, 14, 0.265432
49, 34, 555, 16, 18, 0.277778
47, 36, 653, 17, 19, 0.274691
44, 39, 747, 20, 19, 0.262346
50, 33, 590, 17, 16, 0.280864
52, 31, 531, 14, 17, 0.287037
47, 36, 743, 17, 19, 0.277778
48, 35, 634, 22, 13, 0.228395
47, 36, 542, 15, 21, 0.277778
58, 25, 457, 13, 12, 0.259259
44, 39, 595, 19, 20, 0.268519
48, 35, 575, 18, 17, 0.274691
47, 36, 593, 23, 13, 0.216049
52, 31, 544, 16, 15, 0.268519
51, 32, 634, 15, 17, 0.299383
53, 30, 524, 17, 13, 0.256173
52, 31, 499, 14, 17, 0.280864
45, 38, 631, 15, 23, 0.299383
54, 29, 446, 14, 15, 0.271605
45, 38, 631, 15, 23, 0.299383
43, 40, 644, 17, 23, 0.302469
49, 34, 526, 16, 18, 0.259259
56, 27, 449, 13, 14, 0.259259
46, 37, 638, 14, 23, 0.299383
46, 37, 638, 14, 23, 0.299383
55, 28, 508, 15, 13, 0.268519
49, 34, 610, 15, 19, 0.293210
52, 31, 655, 14, 17, 0.290123
57, 26, 468, 14, 12, 0.274691
47, 36, 647, 18, 18, 0.283951
59, 24, 519, 15, 9, 0.265432
51, 32, 521, 14, 18, 0.296296
51, 32, 597, 16, 16, 0.268519
51, 32, 525, 13, 19, 0.327160
47, 36, 595, 15, 21, 0.305556
54, 29, 502, 12, 17, 0.299383
53, 30, 449, 16, 14, 0.262346
47, 36, 595, 15, 21, 0.305556
48, 35, 590, 15, 20, 0.283951
48, 35, 497, 15, 20, 0.280864
49, 34, 589, 16, 18, 0.277778
59, 24, 521, 15, 9, 0.246914
45, 38, 649, 21, 17, 0.259259
50, 33, 617, 20, 13, 0.240741
46, 37, 599, 19, 18, 0.265432
50, 33, 704, 16, 17, 0.299383
49, 34, 577, 18, 16, 0.283951
52, 31, 544, 15, 16, 0.287037
50, 33, 704, 16, 17, 0.299383
43, 40, 642, 18, 22, 0.280864
53, 30, 577, 15, 15, 0.259259
47, 36, 544, 16, 20, 0.302469
48, 35, 633, 15, 20, 0.320988
49, 34, 583, 17, 17, 0.290123
52, 31, 633, 13, 18, 0.299383
54, 29, 604, 13, 16, 0.296296
49, 34, 583, 17, 17, 0.290123
54, 29, 492, 13, 16, 0.290123
44, 39, 578, 16, 23, 0.265432
47, 36, 703, 21, 15, 0.265432
50, 33, 622, 17, 16, 0.287037
50, 33, 527, 14, 19, 0.287037
47, 36, 703, 21, 15, 0.265432
49, 34, 556, 18, 16, 0.274691
51, 32, 579, 18, 14, 0.262346
53, 30, 492, 14, 16, 0.299383
51, 32, 579, 18, 14, 0.262346
54, 29, 496, 15, 14, 0.259259
48, 35, 660, 20, 15, 0.243827
49, 34, 562, 18, 16, 0.259259
51, 32, 539, 18, 14, 0.283951
45, 38, 709, 18, 20, 0.277778
50, 33, 557, 18, 15, 0.253086
45, 38, 709, 18, 20, 0.277778
44, 39, 733, 20, 19, 0.262346
45, 38, 599, 17, 21, 0.290123
56, 27, 492, 16, 11, 0.256173
52, 31, 597, 19, 12, 0.246914
49, 34, 508, 15, 19, 0.271605
51, 32, 543, 18, 14, 0.253086
50, 33, 611, 15, 18, 0.293210
53, 30, 502, 15, 15, 0.277778
44, 39, 625, 14, 25, 0.320988
52, 31, 566, 18, 13, 0.253086
51, 32, 559, 17, 15, 0.250000
48, 35, 652, 20, 15, 0.265432
45, 38, 599, 17, 21, 0.302469
42, 41, 650, 19, 22, 0.305556
52, 31, 525, 15, 16, 0.274691
52, 31, 546, 15, 16, 0.271605
53, 30, 496, 17, 13, 0.250000
46, 37, 652, 17, 20, 0.296296
50, 33, 688, 15, 18, 0.274691
50, 33, 519, 17, 16, 0.271605
51, 32, 479, 16, 16, 0.277778
50, 33, 688, 15, 18, 0.274691
48, 35, 570, 14, 21, 0.296296
50, 33, 542, 14, 19, 0.283951
44, 39, 705, 19, 20, 0.271605
53, 30, 523, 13, 17, 0.302469
55, 28, 449, 11, 17, 0.305556
44, 39, 705, 19, 20, 0.271605
