trivial, nontrivial, cycles, bl, routed, usage
46, 39, 712, 22, 17, 0.250000
51, 34, 698, 20, 14, 0.256173
53, 32, 770, 18, 14, 0.262346
43, 42, 692, 20, 22, 0.271605
38, 47, 718, 24, 23, 0.253086
49, 36, 623, 20, 16, 0.271605
42, 43, 763, 21, 22, 0.277778
49, 36, 608, 24, 12, 0.237654
42, 43, 689, 24, 19, 0.237654
51, 34, 531, 15, 19, 0.271605
47, 38, 710, 22, 16, 0.246914
40, 45, 739, 22, 23, 0.265432
40, 45, 796, 24, 21, 0.259259
41, 44, 776, 22, 22, 0.283951
40, 45, 796, 24, 21, 0.259259
45, 40, 627, 22, 18, 0.283951
45, 40, 667, 21, 19, 0.246914
40, 45, 796, 24, 21, 0.259259
47, 38, 587, 19, 19, 0.262346
49, 36, 653, 18, 18, 0.277778
44, 41, 761, 23, 18, 0.262346
49, 36, 653, 18, 18, 0.277778
45, 40, 731, 19, 21, 0.274691
49, 36, 653, 18, 18, 0.277778
51, 34, 565, 19, 15, 0.243827
44, 41, 677, 18, 23, 0.280864
44, 41, 637, 21, 20, 0.271605
41, 44, 734, 22, 22, 0.259259
35, 50, 835, 25, 25, 0.277778
39, 46, 767, 27, 19, 0.250000
48, 37, 616, 17, 20, 0.271605
49, 36, 699, 20, 16, 0.250000
48, 37, 604, 18, 19, 0.274691
37, 48, 773, 27, 21, 0.234568
51, 34, 617, 19, 15, 0.283951
49, 36, 649, 20, 16, 0.265432
46, 39, 689, 21, 18, 0.253086
43, 42, 700, 24, 18, 0.243827
44, 41, 771, 25, 16, 0.237654
43, 42, 629, 24, 18, 0.262346
42, 43, 754, 22, 21, 0.262346
38, 47, 762, 25, 22, 0.253086
43, 42, 702, 21, 21, 0.299383
44, 41, 776, 24, 17, 0.234568
48, 37, 647, 19, 18, 0.262346
40, 45, 792, 21, 24, 0.283951
36, 49, 747, 24, 25, 0.243827
45, 40, 677, 25, 15, 0.231481
44, 41, 646, 20, 21, 0.265432
42, 43, 657, 22, 21, 0.250000
46, 39, 711, 20, 19, 0.271605
41, 44, 625, 23, 21, 0.253086
44, 41, 655, 17, 24, 0.296296
44, 41, 628, 18, 23, 0.299383
46, 39, 684, 19, 20, 0.268519
46, 39, 781, 22, 17, 0.253086
56, 29, 636, 18, 11, 0.271605
50, 35, 618, 19, 16, 0.265432
45, 40, 670, 23, 17, 0.240741
49, 36, 642, 17, 19, 0.274691
44, 41, 652, 21, 20, 0.250000
42, 43, 726, 22, 21, 0.268519
45, 40, 686, 23, 17, 0.262346
45, 40, 732, 17, 23, 0.299383
43, 42, 618, 18, 24, 0.290123
51, 34, 650, 19, 15, 0.262346
48, 37, 802, 22, 15, 0.253086
37, 48, 796, 21, 27, 0.283951
43, 42, 687, 21, 21, 0.293210
44, 41, 579, 18, 23, 0.268519
42, 43, 755, 24, 19, 0.240741
43, 42, 782, 22, 20, 0.268519
51, 34, 594, 19, 15, 0.253086
42, 43, 765, 23, 20, 0.268519
42, 43, 626, 21, 22, 0.262346
50, 35, 797, 25, 10, 0.231481
42, 43, 717, 22, 21, 0.290123
44, 41, 639, 18, 23, 0.280864
42, 43, 727, 22, 21, 0.256173
41, 44, 727, 22, 22, 0.262346
42, 43, 727, 22, 21, 0.256173
49, 36, 705, 24, 12, 0.231481
42, 43, 727, 22, 21, 0.256173
44, 41, 682, 20, 21, 0.262346
46, 39, 791, 22, 17, 0.256173
53, 32, 639, 21, 11, 0.240741
41, 44, 738, 24, 20, 0.237654
50, 35, 681, 18, 17, 0.271605
50, 35, 564, 21, 14, 0.231481
42, 43, 714, 22, 21, 0.259259
50, 35, 564, 21, 14, 0.231481
50, 35, 564, 21, 14, 0.231481
38, 47, 860, 26, 21, 0.243827
42, 43, 679, 19, 24, 0.287037
45, 40, 613, 24, 16, 0.250000
47, 38, 592, 21, 17, 0.253086
45, 40, 684, 23, 17, 0.250000
46, 39, 636, 16, 23, 0.314815
42, 43, 668, 24, 19, 0.250000
44, 41, 761, 27, 14, 0.216049
42, 43, 777, 24, 19, 0.259259
44, 41, 686, 19, 22, 0.293210
41, 44, 743, 21, 23, 0.265432
50, 35, 674, 18, 17, 0.265432
42, 43, 847, 23, 20, 0.262346
47, 38, 594, 20, 18, 0.246914
49, 36, 745, 21, 15, 0.243827
43, 42, 665, 20, 22, 0.259259
47, 38, 594, 20, 18, 0.246914
47, 38, 595, 17, 21, 0.268519
47, 38, 594, 20, 18, 0.246914
43, 42, 698, 21, 21, 0.274691
43, 42, 724, 21, 21, 0.274691
47, 38, 665, 19, 19, 0.268519
47, 38, 625, 21, 17, 0.246914
44, 41, 657, 21, 20, 0.262346
41, 44, 707, 21, 23, 0.283951
43, 42, 757, 18, 24, 0.287037
45, 40, 833, 20, 20, 0.296296
53, 32, 667, 16, 16, 0.283951
42, 43, 713, 19, 24, 0.290123
36, 49, 748, 26, 23, 0.246914
39, 46, 723, 24, 22, 0.246914
42, 43, 703, 20, 23, 0.311728
42, 43, 705, 20, 23, 0.268519
53, 32, 696, 19, 13, 0.250000
41, 44, 802, 20, 24, 0.283951
44, 41, 654, 19, 22, 0.277778
48, 37, 611, 21, 16, 0.262346
42, 43, 733, 26, 17, 0.231481
48, 37, 611, 21, 16, 0.262346
48, 37, 653, 19, 18, 0.262346
46, 39, 682, 22, 17, 0.250000
45, 40, 603, 18, 22, 0.293210
48, 37, 611, 21, 16, 0.262346
46, 39, 667, 19, 20, 0.277778
47, 38, 661, 22, 16, 0.259259
46, 39, 717, 24, 15, 0.237654
46, 39, 669, 22, 17, 0.262346
50, 35, 692, 21, 14, 0.265432
42, 43, 645, 21, 22, 0.265432
37, 48, 784, 21, 27, 0.283951
45, 40, 633, 18, 22, 0.274691
52, 33, 598, 20, 13, 0.246914
47, 38, 642, 23, 15, 0.243827
44, 41, 642, 18, 23, 0.277778
46, 39, 645, 20, 19, 0.280864
46, 39, 625, 24, 15, 0.250000
44, 41, 902, 25, 16, 0.240741
47, 38, 774, 24, 14, 0.243827
52, 33, 604, 16, 17, 0.293210
52, 33, 629, 20, 13, 0.253086
50, 35, 563, 20, 15, 0.262346
39, 46, 858, 26, 20, 0.240741
50, 35, 563, 20, 15, 0.262346
45, 40, 776, 21, 19, 0.277778
50, 35, 563, 20, 15, 0.262346
44, 41, 774, 23, 18, 0.268519
46, 39, 643, 18, 21, 0.274691
41, 44, 678, 23, 21, 0.250000
41, 44, 678, 23, 21, 0.250000
43, 42, 779, 20, 22, 0.274691
41, 44, 678, 23, 21, 0.250000
46, 39, 623, 17, 22, 0.280864
45, 40, 642, 19, 21, 0.277778
36, 49, 732, 27, 22, 0.240741
45, 40, 642, 19, 21, 0.277778
49, 36, 691, 19, 17, 0.280864
45, 40, 642, 19, 21, 0.277778
50, 35, 653, 18, 17, 0.317901
45, 40, 660, 21, 19, 0.262346
40, 45, 777, 23, 22, 0.262346
43, 42, 638, 19, 23, 0.271605
45, 40, 660, 21, 19, 0.262346
46, 39, 678, 23, 16, 0.265432
50, 35, 630, 19, 16, 0.259259
45, 40, 660, 21, 19, 0.262346
46, 39, 622, 19, 20, 0.274691
47, 38, 712, 20, 18, 0.268519
42, 43, 701, 21, 22, 0.265432
42, 43, 798, 26, 17, 0.231481
39, 46, 722, 20, 26, 0.287037
40, 45, 725, 23, 22, 0.259259
50, 35, 720, 19, 16, 0.250000
45, 40, 625, 20, 20, 0.265432
48, 37, 674, 21, 16, 0.271605
44, 41, 702, 23, 18, 0.265432
44, 41, 665, 20, 21, 0.268519
51, 34, 539, 20, 14, 0.231481
43, 42, 694, 21, 21, 0.302469
39, 46, 820, 22, 24, 0.271605
45, 40, 737, 22, 18, 0.253086
43, 42, 694, 21, 21, 0.302469
39, 46, 693, 18, 28, 0.302469
43, 42, 694, 21, 21, 0.302469
43, 42, 696, 25, 17, 0.234568
51, 34, 588, 18, 16, 0.299383
49, 36, 610, 20, 16, 0.268519
43, 42, 676, 24, 18, 0.237654
39, 46, 784, 24, 22, 0.256173
49, 36, 598, 20, 16, 0.277778
45, 40, 697, 19, 21, 0.262346
41, 44, 788, 20, 24, 0.277778
48, 37, 595, 20, 17, 0.259259
47, 38, 592, 19, 19, 0.256173
47, 38, 695, 23, 15, 0.237654
48, 37, 718, 24, 13, 0.262346
43, 42, 644, 23, 19, 0.240741
41, 44, 701, 17, 27, 0.308642
45, 40, 721, 24, 16, 0.231481
40, 45, 705, 21, 24, 0.277778
39, 46, 787, 26, 20, 0.262346
41, 44, 711, 22, 22, 0.274691
50, 35, 679, 22, 13, 0.253086
47, 38, 622, 21, 17, 0.256173
45, 40, 673, 24, 16, 0.234568
45, 40, 781, 27, 13, 0.216049
40, 45, 734, 24, 21, 0.262346
39, 46, 814, 25, 21, 0.262346
41, 44, 768, 23, 21, 0.256173
39, 46, 803, 24, 22, 0.271605
39, 46, 697, 23, 23, 0.253086
54, 31, 665, 20, 11, 0.240741
46, 39, 690, 21, 18, 0.253086
50, 35, 651, 19, 16, 0.271605
39, 46, 689, 22, 24, 0.268519
50, 35, 651, 19, 16, 0.271605
50, 35, 651, 19, 16, 0.271605
37, 48, 746, 23, 25, 0.274691
44, 41, 654, 19, 22, 0.268519
43, 42, 801, 21, 21, 0.280864
45, 40, 674, 27, 13, 0.209877
45, 40, 674, 27, 13, 0.209877
46, 39, 688, 20, 19, 0.290123
45, 40, 674, 27, 13, 0.209877
39, 46, 755, 20, 26, 0.283951
53, 32, 634, 19, 13, 0.271605
37, 48, 772, 23, 25, 0.265432
44, 41, 708, 23, 18, 0.250000
43, 42, 728, 23, 19, 0.259259
39, 46, 763, 23, 23, 0.265432
45, 40, 689, 22, 18, 0.243827
43, 42, 664, 21, 21, 0.271605
39, 46, 674, 24, 22, 0.234568
52, 33, 631, 22, 11, 0.237654
49, 36, 708, 20, 16, 0.262346
43, 42, 777, 20, 22, 0.277778
42, 43, 630, 20, 23, 0.271605
44, 41, 720, 24, 17, 0.231481
44, 41, 749, 21, 20, 0.259259
47, 38, 712, 21, 17, 0.256173
45, 40, 675, 19, 21, 0.271605
47, 38, 679, 19, 19, 0.268519
45, 40, 676, 24, 16, 0.234568
44, 41, 647, 17, 24, 0.271605
54, 31, 721, 21, 10, 0.228395
45, 40, 663, 19, 21, 0.280864
48, 37, 629, 23, 14, 0.246914
42, 43, 722, 24, 19, 0.256173
48, 37, 720, 21, 16, 0.259259
44, 41, 795, 25, 16, 0.231481
40, 45, 707, 23, 22, 0.256173
45, 40, 719, 22, 18, 0.256173
46, 39, 651, 23, 16, 0.237654
42, 43, 701, 22, 21, 0.262346
49, 36, 652, 21, 15, 0.243827
46, 39, 694, 21, 18, 0.268519
36, 49, 796, 25, 24, 0.250000
42, 43, 694, 21, 22, 0.268519
43, 42, 826, 23, 19, 0.256173
45, 40, 744, 23, 17, 0.271605
47, 38, 720, 23, 15, 0.262346
45, 40, 718, 24, 16, 0.246914
44, 41, 641, 18, 23, 0.277778
43, 42, 663, 17, 25, 0.299383
44, 41, 656, 19, 22, 0.283951
39, 46, 761, 22, 24, 0.302469
42, 43, 709, 25, 18, 0.234568
49, 36, 612, 21, 15, 0.259259
51, 34, 634, 20, 14, 0.262346
44, 41, 739, 24, 17, 0.246914
38, 47, 881, 20, 27, 0.308642
43, 42, 716, 22, 20, 0.250000
45, 40, 625, 17, 23, 0.290123
41, 44, 755, 22, 22, 0.262346
47, 38, 651, 21, 17, 0.268519
46, 39, 686, 21, 18, 0.250000
42, 43, 779, 22, 21, 0.265432
51, 34, 642, 19, 15, 0.262346
40, 45, 813, 19, 26, 0.324074
43, 42, 751, 22, 20, 0.265432
45, 40, 721, 20, 20, 0.283951
47, 38, 670, 17, 21, 0.293210
55, 30, 529, 18, 12, 0.256173
42, 43, 721, 21, 22, 0.271605
44, 41, 715, 21, 20, 0.271605
42, 43, 838, 21, 22, 0.271605
51, 34, 590, 18, 16, 0.268519
45, 40, 706, 21, 19, 0.259259
47, 38, 604, 20, 18, 0.259259
40, 45, 822, 24, 21, 0.250000
46, 39, 693, 21, 18, 0.259259
48, 37, 654, 21, 16, 0.246914
38, 47, 738, 25, 22, 0.253086
48, 37, 654, 21, 16, 0.246914
44, 41, 695, 20, 21, 0.299383
46, 39, 575, 20, 19, 0.265432
48, 37, 654, 21, 16, 0.246914
48, 37, 631, 20, 17, 0.283951
48, 37, 730, 22, 15, 0.256173
38, 47, 811, 26, 21, 0.259259
43, 42, 783, 22, 20, 0.277778
50, 35, 661, 21, 14, 0.234568
49, 36, 733, 20, 16, 0.256173
37, 48, 871, 24, 24, 0.293210
45, 40, 615, 23, 17, 0.250000
48, 37, 679, 21, 16, 0.268519
48, 37, 836, 19, 18, 0.308642
48, 37, 679, 21, 16, 0.268519
52, 33, 690, 21, 12, 0.256173
45, 40, 757, 19, 21, 0.283951
48, 37, 679, 21, 16, 0.268519
44, 41, 679, 19, 22, 0.290123
45, 40, 698, 22, 18, 0.256173
41, 44, 674, 22, 22, 0.271605
46, 39, 667, 21, 18, 0.265432
49, 36, 649, 22, 14, 0.240741
44, 41, 781, 24, 17, 0.234568
50, 35, 603, 21, 14, 0.243827
39, 46, 726, 21, 25, 0.268519
44, 41, 775, 25, 16, 0.268519
45, 40, 724, 18, 22, 0.287037
41, 44, 732, 21, 23, 0.290123
43, 42, 691, 24, 18, 0.237654
49, 36, 653, 20, 16, 0.262346
46, 39, 597, 22, 17, 0.246914
47, 38, 605, 24, 14, 0.253086
47, 38, 605, 24, 14, 0.253086
47, 38, 799, 20, 18, 0.283951
47, 38, 676, 20, 18, 0.265432
47, 38, 605, 24, 14, 0.253086
40, 45, 704, 23, 22, 0.246914
43, 42, 728, 19, 23, 0.283951
42, 43, 659, 16, 27, 0.299383
43, 42, 948, 25, 17, 0.234568
37, 48, 770, 21, 27, 0.274691
39, 46, 744, 23, 23, 0.259259
46, 39, 633, 22, 17, 0.256173
51, 34, 561, 14, 20, 0.299383
54, 31, 585, 22, 9, 0.234568
54, 31, 585, 22, 9, 0.234568
46, 39, 710, 23, 16, 0.250000
53, 32, 572, 16, 16, 0.287037
54, 31, 585, 22, 9, 0.234568
42, 43, 805, 23, 20, 0.256173
45, 40, 704, 22, 18, 0.262346
40, 45, 701, 19, 26, 0.283951
46, 39, 720, 24, 15, 0.250000
48, 37, 752, 20, 17, 0.256173
47, 38, 658, 21, 17, 0.246914
42, 43, 663, 20, 23, 0.265432
47, 38, 658, 21, 17, 0.246914
48, 37, 681, 20, 17, 0.250000
46, 39, 633, 22, 17, 0.243827
47, 38, 658, 21, 17, 0.246914
47, 38, 619, 24, 14, 0.231481
47, 38, 709, 19, 19, 0.283951
49, 36, 621, 20, 16, 0.262346
