trivial, nontrivial, cycles, bl, routed, usage
46, 39, 701, 22, 17, 0.250000
51, 34, 665, 20, 14, 0.265432
53, 32, 769, 18, 14, 0.262346
43, 42, 692, 21, 21, 0.262346
38, 47, 693, 24, 23, 0.256173
49, 36, 622, 20, 16, 0.271605
42, 43, 762, 21, 22, 0.277778
49, 36, 607, 24, 12, 0.237654
42, 43, 688, 24, 19, 0.237654
51, 34, 530, 15, 19, 0.271605
47, 38, 709, 22, 16, 0.246914
40, 45, 738, 22, 23, 0.268519
40, 45, 795, 24, 21, 0.259259
41, 44, 775, 22, 22, 0.283951
40, 45, 795, 24, 21, 0.259259
45, 40, 618, 21, 19, 0.293210
45, 40, 666, 21, 19, 0.246914
40, 45, 795, 24, 21, 0.259259
47, 38, 586, 19, 19, 0.265432
49, 36, 652, 18, 18, 0.277778
44, 41, 742, 23, 18, 0.259259
49, 36, 652, 18, 18, 0.277778
45, 40, 723, 20, 20, 0.265432
49, 36, 652, 18, 18, 0.277778
51, 34, 564, 19, 15, 0.243827
44, 41, 680, 19, 22, 0.277778
44, 41, 629, 22, 19, 0.259259
41, 44, 742, 22, 22, 0.265432
35, 50, 834, 25, 25, 0.277778
39, 46, 765, 27, 19, 0.250000
48, 37, 615, 17, 20, 0.271605
49, 36, 698, 20, 16, 0.246914
48, 37, 606, 18, 19, 0.277778
37, 48, 770, 25, 23, 0.246914
51, 34, 616, 19, 15, 0.280864
49, 36, 643, 20, 16, 0.265432
46, 39, 688, 21, 18, 0.250000
43, 42, 699, 24, 18, 0.243827
44, 41, 770, 25, 16, 0.237654
43, 42, 628, 24, 18, 0.262346
42, 43, 743, 22, 21, 0.259259
38, 47, 761, 25, 22, 0.253086
43, 42, 709, 19, 23, 0.308642
44, 41, 757, 24, 17, 0.234568
48, 37, 650, 19, 18, 0.262346
40, 45, 784, 20, 25, 0.293210
36, 49, 727, 24, 25, 0.243827
45, 40, 647, 25, 15, 0.228395
44, 41, 645, 20, 21, 0.268519
42, 43, 656, 22, 21, 0.253086
46, 39, 710, 20, 19, 0.271605
41, 44, 676, 26, 18, 0.237654
44, 41, 654, 17, 24, 0.296296
44, 41, 630, 18, 23, 0.299383
46, 39, 671, 19, 20, 0.271605
46, 39, 780, 22, 17, 0.253086
56, 29, 628, 18, 11, 0.271605
50, 35, 617, 19, 16, 0.265432
45, 40, 666, 23, 17, 0.237654
49, 36, 641, 17, 19, 0.274691
44, 41, 651, 21, 20, 0.250000
42, 43, 710, 23, 20, 0.268519
45, 40, 685, 23, 17, 0.262346
45, 40, 731, 17, 23, 0.299383
43, 42, 629, 18, 24, 0.290123
51, 34, 649, 19, 15, 0.262346
48, 37, 806, 23, 14, 0.237654
37, 48, 790, 21, 27, 0.283951
43, 42, 681, 20, 22, 0.296296
44, 41, 591, 18, 23, 0.271605
42, 43, 752, 24, 19, 0.240741
43, 42, 781, 22, 20, 0.268519
51, 34, 587, 19, 15, 0.256173
42, 43, 751, 23, 20, 0.268519
42, 43, 647, 21, 22, 0.259259
50, 35, 778, 24, 11, 0.231481
42, 43, 716, 22, 21, 0.293210
44, 41, 632, 19, 22, 0.274691
42, 43, 701, 23, 20, 0.246914
41, 44, 724, 22, 22, 0.265432
42, 43, 701, 23, 20, 0.246914
49, 36, 685, 24, 12, 0.231481
42, 43, 701, 23, 20, 0.246914
44, 41, 681, 20, 21, 0.262346
46, 39, 777, 22, 17, 0.259259
53, 32, 638, 21, 11, 0.237654
41, 44, 736, 23, 21, 0.246914
50, 35, 694, 19, 16, 0.259259
50, 35, 564, 22, 13, 0.222222
42, 43, 699, 24, 19, 0.237654
50, 35, 564, 22, 13, 0.222222
50, 35, 564, 22, 13, 0.222222
38, 47, 859, 26, 21, 0.243827
42, 43, 676, 19, 24, 0.283951
45, 40, 612, 24, 16, 0.250000
47, 38, 591, 21, 17, 0.253086
45, 40, 697, 23, 17, 0.246914
46, 39, 634, 16, 23, 0.314815
42, 43, 667, 24, 19, 0.250000
44, 41, 760, 27, 14, 0.216049
42, 43, 776, 24, 19, 0.259259
44, 41, 653, 19, 22, 0.293210
41, 44, 751, 21, 23, 0.265432
50, 35, 673, 18, 17, 0.268519
42, 43, 814, 21, 22, 0.287037
47, 38, 597, 20, 18, 0.246914
49, 36, 744, 21, 15, 0.243827
43, 42, 664, 20, 22, 0.259259
47, 38, 597, 20, 18, 0.246914
47, 38, 589, 18, 20, 0.250000
47, 38, 597, 20, 18, 0.246914
43, 42, 697, 21, 21, 0.277778
43, 42, 723, 21, 21, 0.274691
47, 38, 650, 18, 20, 0.274691
47, 38, 624, 21, 17, 0.246914
44, 41, 655, 21, 20, 0.265432
41, 44, 694, 20, 24, 0.290123
43, 42, 756, 18, 24, 0.287037
45, 40, 815, 20, 20, 0.296296
53, 32, 678, 17, 15, 0.271605
42, 43, 712, 19, 24, 0.290123
36, 49, 755, 27, 22, 0.240741
39, 46, 717, 25, 21, 0.246914
42, 43, 707, 19, 24, 0.314815
42, 43, 695, 21, 22, 0.262346
53, 32, 693, 18, 14, 0.259259
41, 44, 801, 20, 24, 0.283951
44, 41, 653, 19, 22, 0.277778
48, 37, 610, 21, 16, 0.262346
42, 43, 732, 26, 17, 0.228395
48, 37, 610, 21, 16, 0.262346
48, 37, 665, 18, 19, 0.265432
46, 39, 681, 22, 17, 0.250000
45, 40, 602, 18, 22, 0.293210
48, 37, 610, 21, 16, 0.262346
46, 39, 666, 19, 20, 0.277778
47, 38, 660, 22, 16, 0.259259
46, 39, 716, 24, 15, 0.237654
46, 39, 668, 22, 17, 0.262346
50, 35, 691, 21, 14, 0.265432
42, 43, 644, 21, 22, 0.265432
37, 48, 793, 20, 28, 0.293210
45, 40, 645, 19, 21, 0.283951
52, 33, 597, 20, 13, 0.246914
47, 38, 641, 23, 15, 0.246914
44, 41, 644, 18, 23, 0.280864
46, 39, 644, 20, 19, 0.280864
46, 39, 624, 24, 15, 0.250000
44, 41, 897, 25, 16, 0.234568
47, 38, 752, 24, 14, 0.240741
52, 33, 606, 16, 17, 0.296296
52, 33, 628, 20, 13, 0.253086
50, 35, 562, 20, 15, 0.262346
39, 46, 878, 25, 21, 0.253086
50, 35, 562, 20, 15, 0.262346
45, 40, 787, 23, 17, 0.246914
50, 35, 562, 20, 15, 0.262346
44, 41, 773, 23, 18, 0.265432
46, 39, 634, 16, 23, 0.299383
41, 44, 677, 23, 21, 0.250000
41, 44, 677, 23, 21, 0.250000
43, 42, 776, 20, 22, 0.274691
41, 44, 677, 23, 21, 0.250000
46, 39, 628, 17, 22, 0.277778
45, 40, 631, 19, 21, 0.274691
36, 49, 717, 26, 23, 0.246914
45, 40, 631, 19, 21, 0.274691
49, 36, 690, 19, 17, 0.280864
45, 40, 631, 19, 21, 0.274691
50, 35, 671, 19, 16, 0.305556
45, 40, 657, 21, 19, 0.262346
40, 45, 776, 23, 22, 0.265432
43, 42, 631, 20, 22, 0.265432
45, 40, 657, 21, 19, 0.262346
46, 39, 677, 23, 16, 0.265432
50, 35, 611, 18, 17, 0.262346
45, 40, 657, 21, 19, 0.262346
46, 39, 621, 19, 20, 0.274691
47, 38, 702, 20, 18, 0.265432
42, 43, 700, 21, 22, 0.265432
42, 43, 797, 25, 18, 0.234568
39, 46, 746, 19, 27, 0.290123
40, 45, 724, 23, 22, 0.256173
50, 35, 719, 19, 16, 0.250000
45, 40, 616, 20, 20, 0.262346
48, 37, 692, 22, 15, 0.259259
44, 41, 701, 23, 18, 0.265432
44, 41, 664, 20, 21, 0.268519
51, 34, 547, 20, 14, 0.231481
43, 42, 693, 21, 21, 0.302469
39, 46, 819, 22, 24, 0.274691
45, 40, 733, 22, 18, 0.250000
43, 42, 693, 21, 21, 0.302469
39, 46, 692, 18, 28, 0.302469
43, 42, 693, 21, 21, 0.302469
43, 42, 691, 24, 18, 0.250000
51, 34, 587, 17, 17, 0.302469
49, 36, 609, 20, 16, 0.268519
43, 42, 675, 24, 18, 0.237654
39, 46, 755, 24, 22, 0.259259
49, 36, 597, 20, 16, 0.277778
45, 40, 695, 18, 22, 0.268519
41, 44, 784, 20, 24, 0.274691
48, 37, 619, 18, 19, 0.280864
47, 38, 591, 19, 19, 0.256173
47, 38, 686, 23, 15, 0.234568
48, 37, 699, 23, 14, 0.271605
43, 42, 643, 23, 19, 0.237654
41, 44, 692, 17, 27, 0.311728
45, 40, 723, 24, 16, 0.234568
40, 45, 710, 21, 24, 0.274691
39, 46, 779, 27, 19, 0.259259
41, 44, 710, 22, 22, 0.274691
50, 35, 667, 21, 14, 0.262346
47, 38, 621, 21, 17, 0.256173
45, 40, 672, 24, 16, 0.234568
45, 40, 777, 27, 13, 0.219136
40, 45, 725, 25, 20, 0.253086
39, 46, 813, 25, 21, 0.262346
41, 44, 760, 24, 20, 0.253086
39, 46, 818, 23, 23, 0.280864
39, 46, 696, 23, 23, 0.253086
54, 31, 662, 19, 12, 0.250000
46, 39, 689, 21, 18, 0.253086
50, 35, 650, 19, 16, 0.271605
39, 46, 699, 22, 24, 0.271605
50, 35, 650, 19, 16, 0.271605
50, 35, 650, 19, 16, 0.271605
37, 48, 761, 22, 26, 0.280864
44, 41, 653, 19, 22, 0.277778
43, 42, 800, 21, 21, 0.280864
45, 40, 675, 28, 12, 0.203704
45, 40, 675, 28, 12, 0.203704
46, 39, 690, 20, 19, 0.293210
45, 40, 675, 28, 12, 0.203704
39, 46, 732, 19, 27, 0.302469
53, 32, 633, 19, 13, 0.271605
37, 48, 763, 22, 26, 0.271605
44, 41, 698, 22, 19, 0.253086
43, 42, 740, 22, 20, 0.262346
39, 46, 759, 23, 23, 0.259259
45, 40, 688, 22, 18, 0.243827
43, 42, 663, 21, 21, 0.271605
39, 46, 686, 24, 22, 0.237654
52, 33, 630, 22, 11, 0.237654
49, 36, 707, 20, 16, 0.262346
43, 42, 776, 20, 22, 0.277778
42, 43, 642, 20, 23, 0.274691
44, 41, 721, 24, 17, 0.234568
44, 41, 748, 21, 20, 0.259259
47, 38, 709, 20, 18, 0.280864
45, 40, 675, 19, 21, 0.274691
47, 38, 687, 18, 20, 0.271605
45, 40, 660, 25, 15, 0.222222
44, 41, 641, 16, 25, 0.290123
54, 31, 720, 21, 10, 0.228395
45, 40, 662, 19, 21, 0.280864
48, 37, 636, 23, 14, 0.243827
42, 43, 721, 24, 19, 0.256173
48, 37, 719, 21, 16, 0.259259
44, 41, 778, 24, 17, 0.243827
40, 45, 715, 23, 22, 0.256173
45, 40, 718, 22, 18, 0.259259
46, 39, 650, 23, 16, 0.240741
42, 43, 700, 22, 21, 0.265432
49, 36, 651, 21, 15, 0.243827
46, 39, 693, 21, 18, 0.268519
36, 49, 795, 25, 24, 0.250000
42, 43, 693, 21, 22, 0.268519
43, 42, 817, 23, 19, 0.256173
45, 40, 725, 23, 17, 0.268519
47, 38, 728, 21, 17, 0.274691
45, 40, 717, 24, 16, 0.246914
44, 41, 640, 18, 23, 0.277778
43, 42, 674, 18, 24, 0.287037
44, 41, 655, 19, 22, 0.283951
39, 46, 760, 22, 24, 0.302469
42, 43, 715, 25, 18, 0.234568
49, 36, 611, 21, 15, 0.262346
51, 34, 633, 21, 13, 0.262346
44, 41, 738, 24, 17, 0.246914
38, 47, 875, 21, 26, 0.299383
43, 42, 717, 23, 19, 0.237654
45, 40, 624, 17, 23, 0.290123
41, 44, 763, 22, 22, 0.265432
47, 38, 657, 21, 17, 0.268519
46, 39, 685, 21, 18, 0.250000
42, 43, 778, 22, 21, 0.265432
51, 34, 642, 20, 14, 0.243827
40, 45, 806, 20, 25, 0.314815
43, 42, 761, 20, 22, 0.293210
45, 40, 720, 20, 20, 0.283951
47, 38, 675, 18, 20, 0.290123
55, 30, 526, 18, 12, 0.259259
42, 43, 720, 21, 22, 0.271605
44, 41, 714, 21, 20, 0.271605
42, 43, 837, 21, 22, 0.271605
51, 34, 589, 18, 16, 0.268519
45, 40, 702, 21, 19, 0.262346
47, 38, 603, 20, 18, 0.259259
40, 45, 831, 24, 21, 0.250000
46, 39, 692, 21, 18, 0.259259
48, 37, 653, 21, 16, 0.246914
38, 47, 737, 25, 22, 0.253086
48, 37, 653, 21, 16, 0.246914
44, 41, 687, 20, 21, 0.296296
46, 39, 597, 18, 21, 0.287037
48, 37, 653, 21, 16, 0.246914
48, 37, 621, 20, 17, 0.280864
48, 37, 737, 22, 15, 0.253086
38, 47, 810, 26, 21, 0.259259
43, 42, 788, 23, 19, 0.271605
50, 35, 654, 21, 14, 0.237654
49, 36, 732, 20, 16, 0.256173
37, 48, 859, 24, 24, 0.283951
45, 40, 637, 24, 16, 0.243827
48, 37, 680, 20, 17, 0.277778
48, 37, 835, 19, 18, 0.308642
48, 37, 680, 20, 17, 0.277778
52, 33, 689, 21, 12, 0.256173
45, 40, 756, 19, 21, 0.283951
48, 37, 680, 20, 17, 0.277778
44, 41, 678, 19, 22, 0.290123
45, 40, 739, 23, 17, 0.250000
41, 44, 668, 21, 23, 0.283951
46, 39, 666, 21, 18, 0.265432
49, 36, 644, 22, 14, 0.240741
44, 41, 780, 24, 17, 0.234568
50, 35, 608, 20, 15, 0.253086
39, 46, 702, 21, 25, 0.268519
44, 41, 834, 24, 17, 0.256173
45, 40, 721, 18, 22, 0.283951
41, 44, 712, 20, 24, 0.296296
43, 42, 691, 24, 18, 0.237654
49, 36, 652, 20, 16, 0.262346
46, 39, 590, 23, 16, 0.237654
47, 38, 604, 24, 14, 0.250000
47, 38, 604, 24, 14, 0.250000
47, 38, 798, 20, 18, 0.283951
47, 38, 692, 21, 17, 0.262346
47, 38, 604, 24, 14, 0.250000
40, 45, 709, 23, 22, 0.243827
43, 42, 722, 19, 23, 0.283951
42, 43, 658, 16, 27, 0.299383
43, 42, 886, 23, 19, 0.283951
37, 48, 791, 20, 28, 0.283951
39, 46, 743, 23, 23, 0.256173
46, 39, 630, 22, 17, 0.256173
51, 34, 560, 14, 20, 0.299383
54, 31, 584, 22, 9, 0.234568
54, 31, 584, 22, 9, 0.234568
46, 39, 709, 23, 16, 0.250000
53, 32, 577, 16, 16, 0.283951
54, 31, 584, 22, 9, 0.234568
42, 43, 804, 23, 20, 0.256173
45, 40, 703, 22, 18, 0.262346
40, 45, 700, 19, 26, 0.283951
46, 39, 719, 24, 15, 0.250000
48, 37, 706, 18, 19, 0.283951
47, 38, 657, 21, 17, 0.243827
42, 43, 687, 22, 21, 0.250000
47, 38, 657, 21, 17, 0.243827
48, 37, 680, 20, 17, 0.250000
46, 39, 632, 22, 17, 0.243827
47, 38, 657, 21, 17, 0.243827
47, 38, 612, 25, 13, 0.225309
47, 38, 708, 19, 19, 0.283951
49, 36, 627, 21, 15, 0.259259
