trivial, nontrivial, cycles, bl, routed, usage
35, 25, 411, 14, 11, 0.301020
29, 31, 503, 16, 15, 0.316327
30, 30, 437, 15, 15, 0.311224
29, 31, 503, 16, 15, 0.316327
30, 30, 437, 15, 15, 0.311224
32, 28, 486, 15, 13, 0.367347
23, 37, 585, 18, 19, 0.311224
31, 29, 475, 15, 14, 0.301020
31, 29, 475, 15, 14, 0.301020
31, 29, 470, 13, 16, 0.321429
32, 28, 461, 13, 15, 0.346939
34, 26, 414, 14, 12, 0.321429
34, 26, 414, 14, 12, 0.321429
31, 29, 435, 11, 18, 0.341837
31, 29, 478, 13, 16, 0.326531
31, 29, 478, 13, 16, 0.326531
34, 26, 397, 13, 13, 0.326531
32, 28, 508, 15, 13, 0.285714
29, 31, 439, 17, 14, 0.285714
34, 26, 421, 11, 15, 0.352041
32, 28, 432, 14, 14, 0.316327
29, 31, 502, 15, 16, 0.326531
32, 28, 438, 11, 17, 0.367347
30, 30, 425, 11, 19, 0.352041
32, 28, 438, 11, 17, 0.367347
28, 32, 528, 11, 21, 0.392857
29, 31, 488, 15, 16, 0.372449
36, 24, 440, 13, 11, 0.341837
36, 24, 440, 13, 11, 0.341837
33, 27, 522, 16, 11, 0.321429
34, 26, 462, 15, 11, 0.280612
29, 31, 479, 15, 16, 0.316327
30, 30, 513, 19, 11, 0.255102
32, 28, 470, 17, 11, 0.275510
31, 29, 460, 11, 18, 0.346939
31, 29, 477, 12, 17, 0.357143
36, 24, 419, 14, 10, 0.321429
26, 34, 499, 16, 18, 0.311224
32, 28, 414, 14, 14, 0.290816
25, 35, 543, 16, 19, 0.321429
33, 27, 442, 14, 13, 0.311224
32, 28, 414, 14, 14, 0.290816
33, 27, 442, 14, 13, 0.311224
33, 27, 442, 14, 13, 0.306122
40, 20, 354, 12, 8, 0.290816
40, 20, 354, 12, 8, 0.290816
28, 32, 477, 13, 19, 0.357143
31, 29, 477, 14, 15, 0.341837
28, 32, 477, 13, 19, 0.357143
33, 27, 456, 13, 14, 0.311224
38, 22, 431, 12, 10, 0.316327
35, 25, 449, 14, 11, 0.285714
28, 32, 516, 17, 15, 0.321429
33, 27, 416, 11, 16, 0.352041
35, 25, 449, 14, 11, 0.285714
33, 27, 416, 11, 16, 0.352041
30, 30, 511, 18, 12, 0.275510
39, 21, 365, 15, 6, 0.260204
30, 30, 511, 18, 12, 0.275510
39, 21, 365, 15, 6, 0.260204
34, 26, 418, 11, 15, 0.352041
33, 27, 408, 11, 16, 0.331633
35, 25, 466, 17, 8, 0.265306
32, 28, 466, 13, 15, 0.336735
34, 26, 405, 10, 16, 0.367347
31, 29, 475, 11, 18, 0.331633
34, 26, 404, 13, 13, 0.321429
34, 26, 405, 10, 16, 0.367347
34, 26, 404, 13, 13, 0.321429
26, 34, 537, 17, 17, 0.306122
28, 32, 419, 15, 17, 0.306122
34, 26, 416, 15, 11, 0.295918
34, 26, 416, 15, 11, 0.295918
31, 29, 454, 12, 17, 0.362245
33, 27, 439, 12, 15, 0.336735
31, 29, 439, 11, 18, 0.362245
34, 26, 418, 15, 11, 0.285714
34, 26, 418, 15, 11, 0.285714
38, 22, 405, 10, 12, 0.346939
28, 32, 517, 14, 18, 0.336735
36, 24, 363, 12, 12, 0.295918
35, 25, 480, 14, 11, 0.331633
30, 30, 458, 13, 17, 0.331633
35, 25, 480, 14, 11, 0.331633
32, 28, 515, 15, 13, 0.295918
35, 25, 463, 17, 8, 0.290816
31, 29, 486, 16, 13, 0.321429
35, 25, 463, 17, 8, 0.290816
29, 31, 475, 15, 16, 0.326531
29, 31, 488, 14, 17, 0.336735
32, 28, 415, 12, 16, 0.362245
29, 31, 488, 14, 17, 0.336735
27, 33, 451, 12, 21, 0.372449
32, 28, 391, 14, 14, 0.311224
27, 33, 486, 16, 17, 0.316327
29, 31, 492, 17, 14, 0.290816
32, 28, 477, 18, 10, 0.265306
31, 29, 480, 16, 13, 0.311224
35, 25, 440, 13, 12, 0.321429
35, 25, 440, 13, 12, 0.321429
36, 24, 472, 14, 10, 0.316327
29, 31, 512, 14, 17, 0.331633
35, 25, 416, 13, 12, 0.306122
36, 24, 472, 14, 10, 0.316327
35, 25, 416, 13, 12, 0.306122
31, 29, 435, 13, 16, 0.331633
21, 39, 594, 17, 22, 0.336735
26, 34, 515, 16, 18, 0.321429
32, 28, 386, 15, 13, 0.260204
32, 28, 458, 16, 12, 0.275510
32, 28, 458, 16, 12, 0.275510
32, 28, 469, 17, 11, 0.295918
32, 28, 469, 17, 11, 0.295918
31, 29, 495, 13, 16, 0.321429
32, 28, 424, 12, 16, 0.367347
33, 27, 471, 12, 15, 0.331633
32, 28, 514, 13, 15, 0.352041
35, 25, 374, 12, 13, 0.326531
28, 32, 532, 16, 16, 0.316327
31, 29, 505, 13, 16, 0.367347
32, 28, 472, 14, 14, 0.316327
33, 27, 492, 13, 14, 0.336735
27, 33, 513, 19, 14, 0.260204
32, 28, 438, 11, 17, 0.387755
32, 28, 438, 11, 17, 0.387755
33, 27, 408, 13, 14, 0.306122
31, 29, 473, 12, 17, 0.341837
28, 32, 465, 15, 17, 0.285714
32, 28, 478, 12, 16, 0.377551
32, 28, 424, 10, 18, 0.387755
32, 28, 424, 10, 18, 0.387755
28, 32, 497, 14, 18, 0.311224
32, 28, 501, 16, 12, 0.301020
28, 32, 499, 15, 17, 0.295918
26, 34, 573, 16, 18, 0.341837
32, 28, 501, 16, 12, 0.301020
29, 31, 501, 15, 16, 0.331633
32, 28, 496, 15, 13, 0.316327
30, 30, 452, 12, 18, 0.341837
33, 27, 424, 13, 14, 0.331633
27, 33, 499, 15, 18, 0.316327
30, 30, 479, 17, 13, 0.311224
35, 25, 393, 12, 13, 0.321429
31, 29, 484, 13, 16, 0.326531
30, 30, 479, 17, 13, 0.311224
31, 29, 484, 13, 16, 0.326531
32, 28, 452, 11, 17, 0.357143
33, 27, 440, 16, 11, 0.280612
25, 35, 519, 18, 17, 0.306122
34, 26, 363, 15, 11, 0.280612
34, 26, 363, 15, 11, 0.280612
32, 28, 455, 13, 15, 0.326531
33, 27, 421, 13, 14, 0.311224
29, 31, 451, 13, 18, 0.352041
33, 27, 399, 15, 12, 0.295918
25, 35, 596, 21, 14, 0.285714
27, 33, 514, 15, 18, 0.352041
25, 35, 596, 21, 14, 0.285714
31, 29, 535, 16, 13, 0.306122
29, 31, 500, 16, 15, 0.290816
26, 34, 516, 17, 17, 0.336735
31, 29, 486, 16, 13, 0.311224
31, 29, 486, 16, 13, 0.311224
30, 30, 447, 13, 17, 0.331633
33, 27, 484, 15, 12, 0.295918
30, 30, 442, 12, 18, 0.346939
32, 28, 472, 12, 16, 0.326531
32, 28, 472, 12, 16, 0.326531
32, 28, 449, 15, 13, 0.295918
32, 28, 474, 15, 13, 0.285714
32, 28, 489, 13, 15, 0.346939
32, 28, 489, 13, 15, 0.346939
33, 27, 472, 13, 14, 0.331633
32, 28, 459, 14, 14, 0.311224
36, 24, 470, 14, 10, 0.285714
31, 29, 472, 15, 14, 0.326531
30, 30, 556, 15, 15, 0.321429
34, 26, 417, 13, 13, 0.295918
36, 24, 470, 14, 10, 0.285714
34, 26, 417, 13, 13, 0.295918
33, 27, 412, 13, 14, 0.326531
28, 32, 515, 16, 16, 0.306122
29, 31, 493, 17, 14, 0.321429
29, 31, 493, 17, 14, 0.321429
33, 27, 441, 15, 12, 0.285714
35, 25, 397, 10, 15, 0.362245
31, 29, 456, 13, 16, 0.372449
32, 28, 482, 16, 12, 0.295918
32, 28, 482, 16, 12, 0.295918
31, 29, 456, 12, 17, 0.336735
28, 32, 568, 22, 10, 0.234694
30, 30, 462, 17, 13, 0.280612
34, 26, 371, 12, 14, 0.326531
32, 28, 442, 14, 14, 0.316327
28, 32, 489, 16, 16, 0.301020
28, 32, 489, 16, 16, 0.301020
35, 25, 405, 11, 14, 0.341837
39, 21, 377, 13, 8, 0.285714
30, 30, 429, 13, 17, 0.321429
27, 33, 491, 14, 19, 0.326531
30, 30, 429, 13, 17, 0.321429
35, 25, 481, 14, 11, 0.301020
38, 22, 391, 12, 10, 0.301020
27, 33, 512, 20, 13, 0.306122
33, 27, 470, 17, 10, 0.290816
33, 27, 470, 17, 10, 0.290816
35, 25, 421, 12, 13, 0.352041
30, 30, 523, 16, 14, 0.321429
33, 27, 546, 18, 9, 0.311224
33, 27, 546, 18, 9, 0.311224
30, 30, 459, 16, 14, 0.290816
34, 26, 380, 12, 14, 0.316327
29, 31, 553, 16, 15, 0.290816
30, 30, 525, 16, 14, 0.316327
31, 29, 480, 18, 11, 0.311224
31, 29, 480, 18, 11, 0.311224
29, 31, 509, 17, 14, 0.306122
29, 31, 509, 17, 14, 0.306122
32, 28, 494, 14, 14, 0.336735
27, 33, 478, 16, 17, 0.301020
31, 29, 432, 14, 15, 0.326531
30, 30, 432, 14, 16, 0.321429
35, 25, 474, 12, 13, 0.331633
28, 32, 453, 14, 18, 0.290816
35, 25, 474, 12, 13, 0.331633
35, 25, 390, 10, 15, 0.372449
32, 28, 450, 12, 16, 0.326531
30, 30, 484, 14, 16, 0.301020
31, 29, 513, 14, 15, 0.331633
31, 29, 513, 14, 15, 0.331633
30, 30, 516, 13, 17, 0.326531
31, 29, 541, 14, 15, 0.357143
29, 31, 531, 16, 15, 0.295918
29, 31, 531, 16, 15, 0.295918
37, 23, 414, 15, 8, 0.275510
31, 29, 478, 13, 16, 0.331633
27, 33, 528, 17, 16, 0.285714
34, 26, 428, 13, 13, 0.331633
27, 33, 528, 17, 16, 0.285714
31, 29, 407, 11, 18, 0.367347
31, 29, 450, 15, 14, 0.290816
30, 30, 507, 16, 14, 0.301020
31, 29, 483, 16, 13, 0.311224
31, 29, 483, 16, 13, 0.311224
31, 29, 453, 16, 13, 0.306122
30, 30, 494, 12, 18, 0.341837
31, 29, 453, 16, 13, 0.306122
31, 29, 459, 14, 15, 0.331633
33, 27, 398, 13, 14, 0.301020
31, 29, 429, 14, 15, 0.306122
26, 34, 503, 16, 18, 0.316327
29, 31, 524, 17, 14, 0.301020
29, 31, 524, 17, 14, 0.301020
30, 30, 491, 16, 14, 0.290816
35, 25, 402, 13, 12, 0.311224
32, 28, 436, 14, 14, 0.316327
32, 28, 436, 14, 14, 0.316327
34, 26, 480, 13, 13, 0.316327
35, 25, 377, 12, 13, 0.306122
33, 27, 484, 15, 12, 0.301020
33, 27, 484, 15, 12, 0.301020
34, 26, 408, 12, 14, 0.326531
35, 25, 418, 14, 11, 0.295918
31, 29, 492, 13, 16, 0.357143
31, 29, 435, 11, 18, 0.341837
31, 29, 478, 13, 16, 0.326531
31, 29, 478, 13, 16, 0.326531
34, 26, 397, 13, 13, 0.326531
32, 28, 508, 15, 13, 0.285714
31, 29, 480, 16, 13, 0.311224
35, 25, 440, 13, 12, 0.321429
35, 25, 440, 13, 12, 0.321429
35, 25, 400, 11, 14, 0.341837
33, 27, 438, 12, 15, 0.346939
27, 33, 494, 16, 17, 0.316327
31, 29, 432, 15, 14, 0.306122
31, 29, 430, 13, 16, 0.336735
38, 22, 366, 11, 11, 0.341837
31, 29, 432, 15, 14, 0.306122
38, 22, 366, 11, 11, 0.341837
29, 31, 439, 13, 18, 0.341837
33, 27, 437, 14, 13, 0.331633
30, 30, 471, 16, 14, 0.295918
33, 27, 437, 14, 13, 0.331633
33, 27, 444, 12, 15, 0.336735
34, 26, 504, 13, 13, 0.326531
34, 26, 504, 13, 13, 0.326531
30, 30, 525, 15, 15, 0.326531
32, 28, 477, 13, 15, 0.377551
35, 25, 369, 13, 12, 0.316327
29, 31, 500, 18, 13, 0.311224
30, 30, 524, 12, 18, 0.372449
29, 31, 474, 16, 15, 0.301020
29, 31, 504, 15, 16, 0.392857
29, 31, 504, 15, 16, 0.392857
31, 29, 491, 12, 17, 0.382653
29, 31, 532, 18, 13, 0.295918
35, 25, 460, 13, 12, 0.311224
33, 27, 454, 17, 10, 0.280612
33, 27, 454, 17, 10, 0.280612
31, 29, 456, 13, 16, 0.326531
29, 31, 544, 15, 16, 0.326531
35, 25, 477, 12, 13, 0.341837
30, 30, 515, 16, 14, 0.311224
30, 30, 515, 16, 14, 0.311224
36, 24, 407, 13, 11, 0.321429
32, 28, 423, 11, 17, 0.357143
33, 27, 446, 11, 16, 0.341837
30, 30, 449, 14, 16, 0.336735
32, 28, 474, 13, 15, 0.331633
31, 29, 382, 14, 15, 0.316327
31, 29, 471, 15, 14, 0.336735
32, 28, 474, 13, 15, 0.331633
28, 32, 547, 14, 18, 0.357143
28, 32, 475, 10, 22, 0.397959
32, 28, 532, 16, 12, 0.311224
34, 26, 544, 14, 12, 0.352041
34, 26, 544, 14, 12, 0.352041
36, 24, 405, 11, 13, 0.346939
31, 29, 419, 13, 16, 0.306122
32, 28, 395, 15, 13, 0.295918
32, 28, 395, 15, 13, 0.295918
38, 22, 376, 13, 9, 0.280612
27, 33, 500, 14, 19, 0.331633
29, 31, 469, 12, 19, 0.352041
35, 25, 376, 10, 15, 0.362245
31, 29, 447, 15, 14, 0.285714
29, 31, 510, 13, 18, 0.341837
29, 31, 510, 13, 18, 0.341837
33, 27, 450, 14, 13, 0.306122
35, 25, 423, 13, 12, 0.306122
31, 29, 448, 12, 17, 0.357143
33, 27, 398, 11, 16, 0.352041
32, 28, 442, 13, 15, 0.321429
33, 27, 412, 11, 16, 0.372449
31, 29, 419, 12, 17, 0.357143
27, 33, 483, 13, 20, 0.362245
27, 33, 483, 13, 20, 0.362245
28, 32, 496, 16, 16, 0.280612
34, 26, 456, 13, 13, 0.326531
31, 29, 442, 13, 16, 0.326531
33, 27, 468, 12, 15, 0.326531
28, 32, 586, 19, 13, 0.270408
33, 27, 468, 12, 15, 0.326531
33, 27, 428, 10, 17, 0.382653
35, 25, 510, 16, 9, 0.280612
36, 24, 405, 10, 14, 0.346939
33, 27, 424, 17, 10, 0.265306
36, 24, 405, 10, 14, 0.346939
33, 27, 424, 17, 10, 0.265306
31, 29, 551, 13, 16, 0.367347
24, 36, 569, 19, 17, 0.306122
34, 26, 378, 13, 13, 0.280612
38, 22, 430, 12, 10, 0.316327
34, 26, 453, 14, 12, 0.336735
38, 22, 430, 12, 10, 0.316327
34, 26, 453, 14, 12, 0.336735
34, 26, 411, 10, 16, 0.362245
30, 30, 464, 11, 19, 0.336735
32, 28, 477, 13, 15, 0.316327
31, 29, 456, 16, 13, 0.280612
27, 33, 572, 16, 17, 0.331633
30, 30, 451, 14, 16, 0.311224
32, 28, 477, 13, 15, 0.316327
30, 30, 451, 14, 16, 0.311224
